name = ZE_MadDog
interior = 5
marker = 1
spawn = 1299.7189941406,-795.54602050781,1083.1
markerpos = 280,378.3513,-1885.5841,2.0673,178.1174
object_fs = ZE_MadDog