name = ZM_Bridge
interior = 0
marker = 1
spawn = 2766.6999511719,579.29998779297,8.3000001907349
markerpos = 280,378.3513,-1885.5841,2.0673,178.1174
object_fs = ZM_Bridge