name = ZM_Trash
interior = 0
marker = 1
spawn = 1088.5,2090.6999511719,10.8000001907349,0.0
markerpos = 1075.0999755859,2139.8000488281,10.60000038147
object_fs = ZM_Trash