name = ZM_Uchastok
interior = 0
marker = 1
spawn = 719.5,981.70001220703,13.00
markerpos = 137.39999389648,2884.6999511719,115.40000152588
object_fs = ZM_Uchastok