name = ZM_Campout
interior = 0
marker = 1
spawn = 1903.0999755859,-394.60000610352,21.200000762939
markerpos = 280,378.3513,-1885.5841,2.0673,178.1174
object_fs = ZM_Campout