name = ZM_Construction
interior = 0
marker = 1
spawn_0 = 2679.199951,905.299987,11.399998,0.000000
spawn_1 = 2591.550048,793.679260,10.954463,269.085754
markerpos = 2648.000000,850.500000,5.099998
object_fs = ZM_Construction