name = ZM_AirCraft
interior = 0
marker = 1
spawn_0 = -1410.699951,497.100006,11.500000,0.000000
spawn_1 = -1428.175659,506.775482,3.039062,176.960937
markerpos = -1306.500000,503.600006,18.200000
object_fs = ZM_AirCraft