name = ZM_Area51
interior = 0
marker = 1
spawn_0 = 230.162002,1939.131347,17.640600,0.000000
spawn_1 = 268.665283,1883.290771,-30.093750,359.934387
markerpos = 75.500000,1920.400024,16.799999
object_fs = ZM_Area51