name = ZM_BattleField
interior = 10
marker = 1
spawn_0 = -974.700012,1061.000000,1346.900024,0.000000
spawn_1 = -1131.778686,1057.675781,1346.413696,270.699096
markerpos = -1130.870849,1029.409667,1345.724487
object_fs = Empty_FS