name = ZM_Bridge
interior = 0
marker = 1
spawn_0 = 2766.000000,430.100006,8.300000,0.000000
spawn_1 = 2766.980957,582.664855,8.289752,178.601699
markerpos = 2768.100097,503.700012,7.300000
object_fs = ZM_Bridge