name = ZM_Brink
interior = 0
marker = 1
spawn_0 = 369.599609,-1815.099609,7.699998,0.000000
spawn_1 = 513.203918,-1778.144042,5.691877,175.468444
markerpos = 397.642089,-1885.374023,2.183099
object_fs = ZM_Brink