name = ZM_ConstructionSite
interior = 0
marker = 1
spawn_0 = 2602.141357,808.434204,10.954463,346.189788
spawn_1 = 2645.958496,861.908386,6.093750,241.222106
markerpos = 2737.500000,848.900024,10.800000
object_fs = ZM_ConstructionSite