name = ZM_Dillmore
interior = 0
marker = 1
spawn_0 = 721.099975,-605.500000,16.299999,0.000000
spawn_1 = 630.623535,-453.777984,16.541936,202.101928
markerpos = 699.700012,-549.099975,21.299999
object_fs = ZM_Dillmore