name = ZM_DraPark
interior = 0
marker = 1
spawn_0 = -2120.500000,1015.299804,96.699996,0.000000
spawn_1 = -2103.212158,868.751159,97.820312,71.464050
markerpos = -2124.300048,985.799987,95.900001
object_fs = ZM_DraPark