name = ZM_Factory
interior = 0
marker = 1
spawn_0 = -2109.300781,-216.344879,35.320312,100.244178
spawn_1 = -2112.155761,-168.504653,35.320312,95.834068
markerpos = -2124.799804,-67.399414,35.299999
object_fs = ZM_Factory