name = ZM_LSHood
interior = 0
marker = 1
spawn_0 = 1879.299804,-1085.500000,23.899999,0.000000
spawn_1 = 2046.775878,-1078.475708,24.664937,70.453811
markerpos = 1995.900024,-1015.099975,26.899999
object_fs = ZM_LSHood