name = ZM_LVPD
interior = 3
marker = 1
spawn_0 = 287.433074,177.483749,1007.179443,81.757392
spawn_1 = 190.012588,158.320892,1003.023437,270.675659
markerpos = 238.551300,140.070205,1003.023376
object_fs = Empty_FS