name = ZM_Hitman
interior = 0
marker = 1
spawn_0 = -1115.300048,-1621.199951,75.599998,0.000000
spawn_1 = -1112.762939,-1675.118164,76.367187,1.229715
markerpos = -1024.500000,-1691.000000,77.300003
object_fs = ZM_Hitman