name = ZM_Jizzy
interior = 3
marker = 1
spawn_0 = -2635.959960,1408.947387,906.464721,105.280899
spawn_1 = -2655.210693,1429.959106,913.449951,181.388198
markerpos = -2659.791503,1410.418701,910.312988
object_fs = ZM_Jizzy