name = ZM_Sea World
interior = 0
marker = 1
spawn_0 = -729.190124,1910.191772,2.203500,88.104301
spawn_1 = -737.429382,1960.396118,2.230598,267.957824
markerpos = -778.903015,1910.874511,9.544400
object_fs = ZM_SeaWorld