name = ZM_Labirint
interior = 0
marker = 1
spawn_0 = 216.500000,2721.300048,116.000000,0.000000
spawn_1 = 212.414077,2761.496582,115.157814,357.481231
markerpos = 137.399993,2884.699951,115.400001
object_fs = ZM_Labirint