name = ZM_Sea Zombie
interior = 0
marker = 1
spawn = -2260.3000488281,1893,17.700000762939,0.0
markerpos = -2293.3000488281,1876.8000488281,17
zombiegun = 0
object_fs = ZM_SeaZombie