name = ZM_LVHood
interior = 0
marker = 1
spawn = 2141.7998046875,2835.69921875,10.800000190735
markerpos = 280,378.3513,-1885.5841,2.0673,178.1174
object_fs = ZM_LVHood