name = ZM_Resp
interior = 3
marker = 1
spawn = 387.70001220703,173.80000305176,1008,0.0
markerpos = 346.5,160.19999694824,1024.8000488281
object_fs = ZM_Resp