name = ZM_Pirate Island
interior = 0
marker = 1
spawn = 301.5,-2452.1000976563,37.400001525879,0.0
markerpos = 305.79998779297,-2402.3999023438,29.10000038147
zombiegun = 0
object_fs = ZM_PirateIsland