name = ZM_Airo
interior = 0
marker = 1
spawn = 325.39999389648,2539.3999023438,17.0,0.0
markerpos = 394.20001220703,2548.5,15.5
object_fs = ZM_Airo