name = ZM_PierTrip
interior = 0
marker = 1
spawn = 837.29998779297,-2293.3000488281,49.4
markerpos = 280,378.3513,-1885.5841,2.0673,178.1174
object_fs = ZM_PierTrip