name = ZM_Dillmore
interior = 0
marker = 1
spawn = 721.09997558594,-605.5,16.299999237061
markerpos = 280,378.3513,-1885.5841,2.0673,178.1174
object_fs = ZM_Dillmore