name = ZM_Construction
interior = 0
marker = 1
spawn = 2679.1999511719,905.29998779297,11.39999961853,0.0
markerpos = 2648.0,850.5,5.0999999046326
object_fs = ZM_Construction