name = ZM_Panic
interior = 0
marker = 1
spawn = 20.7998046875,301.7998046875,10.89999961853
markerpos = 280,378.3513,-1885.5841,2.0673,178.1174
object_fs = ZM_Panic