name = ZM_LSHood
interior = 0
marker = 1
spawn = 1879.2998046875,-1085.5,23.89999961853
markerpos = 280,378.3513,-1885.5841,2.0673,178.1174
object_fs = ZM_LSHood