name = ZM_CentR
interior = 0
marker = 1
spawn_0 = 1304.979125,268.762207,19.554700,64.371902
spawn_1 = 1353.117065,392.335540,19.406250,64.612724
markerpos = 1207.202880,367.559814,74.955299
object_fs = ZM_CentR