name = ZM_JD
interior = 0
marker = 1
spawn_0 = 1763.944091,-1938.790649,13.577300,0.000000
spawn_1 = 1806.814819,-1890.088378,13.408961,93.664093
markerpos = 1764.702026,-1931.766601,13.567998
object_fs = ZM_JD