name = ZM_Uchastok
interior = 0
marker = 1
spawn_0 = -688.700012,915.468017,12.167098,0.000000
spawn_1 = -692.813354,965.921875,12.225564,269.916412
markerpos = -688.013793,935.187927,13.632800
object_fs = ZM_Uchastok