name = ZM_Campout
interior = 0
marker = 1
spawn_0 = 1937.599975,-568.500000,22.500000,0.000000
spawn_1 = 1910.661865,-427.881774,21.242328,264.119079
markerpos = 1954.800048,-252.800003,2.599998
object_fs = ZM_Campout