name = ZM_LS
interior = 0
marker = 1
spawn_0 = 452.399993,-2308.600097,732.500000,0.000000
spawn_1 = 331.590118,-2206.305419,732.515930,228.735458
markerpos = 406.899993,-2228.899902,731.700012
object_fs = ZM_LS