name = ZM_GhostTown
interior = 0
marker = 1
spawn_0 = -362.600006,2242.500000,42.700000,0.000000
markerpos = -480.700012,2189.600097,41.599998
object_fs = ZM_GhostTown