name = ZM_LVHood
interior = 0
marker = 1
spawn_0 = 2233.299804,2714.000000,10.699998,0.000000
spawn_1 = 2127.670654,2844.702636,10.820312,177.951568
markerpos = 2087.199218,2685.000000,10.699998
object_fs = ZM_LVHood