name = ZM_Panic
interior = 0
marker = 1
spawn_0 = 20.634241,302.311676,10.359375,243.438964
spawn_1 = -60.660480,60.146053,13.884249,338.983123
markerpos = 14.500000,285.599609,10.800000
object_fs = ZM_Panic