name = ZM_Shopping
interior = 0
marker = 1
spawn_0 = 1735.399414,-1330.199218,13.600000,0.000000
spawn_1 = 1783.726318,-1412.256591,15.757812,175.468261
markerpos = 1729.199218,-1349.299804,18.500000
object_fs = ZM_Shopping