name = ZM_Pool
interior = 0
marker = 1
spawn_0 = 535.351318,-2374.317138,4.085937,177.035018
spawn_1 = 527.544067,-2373.501953,4.085937,176.070190
markerpos = 586.638977,-2401.821044,2.395998
object_fs = ZM_Pool