name = ZM_Airo
interior = 0
marker = 1
spawn_0 = 331.373840,2473.637207,16.484375,85.736221
spawn_1 = 324.936035,2546.123779,16.807874,178.628967
markerpos = 394.200012,2548.500000,15.500000
object_fs = ZM_Airo