name = ZM_Sea Zombie
interior = 0
marker = 1
spawn_0 = -2260.300048,1893.000000,17.700000,0.000000
spawn_1 = -2381.323486,1877.856933,33.546249,276.675964
markerpos = -2293.300048,1876.800048,17.000000
object_fs = ZM_SeaZombie