name = ZM_Resp
interior = 3
marker = 1
spawn_0 = 387.700012,173.800003,1008.000000,0.000000
markerpos = 346.500000,160.199996,1024.800048
object_fs = ZM_Resp