name = ZM_Ships
interior = 0
marker = 1
spawn = -683.8994140625,417.19921875,148.10000610352
markerpos = 280,378.3513,-1885.5841,2.0673,178.1174
object_fs = ZM_Ships