name = ZM_LVPD
interior = 3
marker = 1
spawn = 286.20001220705,178.10000610352,1007.5999755859
markerpos = 280,378.3513,-1885.5841,2.0673,178.1174
object_fs = none