name = ZM_Shopping
interior = 0
marker = 1
spawn = 1735.3994140625,-1330.19921875,13.60000038147
markerpos = 280,378.3513,-1885.5841,2.0673,178.1174
object_fs = ZM_Shopping