name = ZM_AirCraft
interior = 0
marker = 1
spawn = -1410.6999511719,497.10000610352,11.5
markerpos = 280,378.3513,-1885.5841,2.0673,178.1174
object_fs = ZM_AirCraft