name = ZM_GhostTown
interior = 0
marker = 1
spawn = -362.60000610352,2242.5,42.700000762939
markerpos = 280,378.3513,-1885.5841,2.0673,178.1174
object_fs = ZM_GhostTown