name = ZM_JD
interior = 0
marker = 1
spawn = 1808.8000488281,1889.05,14.05
markerpos = 137.39999389648,2884.6999511719,115.40000152588
object_fs = ZM_JD