name = ZM_Pool
interior = 0
marker = 1
spawn = 534.57098388672,-2373.3120117188,6.00
markerpos = 586.63897705078,-2401.8210449219,2.3959999084473
object_fs = ZM_Pool