name = ZM_LS
interior = 0
marker = 1
spawn = 452.39999389648,-2308.6000976563,732.5,0.0
markerpos = 406.89999389648,-2228.8999023438,731.70001220703
object_fs = ZM_LS