name = ZM_Trainstaion
interior = 0
marker = 1
spawn = 1806.8000488281,-1891.9000244141,13.39999961853
markerpos = 280,378.3513,-1885.5841,2.0673,178.1174
object_fs = ZM_Trainstaion