name = ZM_Baza
interior = 0
marker = 1
spawn = 2506.8000488281,-2049.1999511719,7.000
markerpos = 280,378.3513,-1885.5841,2.0673,178.1174
object_fs = ZM_Baza