name = ZM_Factory
interior = 0
marker = 1
spawn = -2106,-216.599609375,36.900001525879
markerpos = 280,378.3513,-1885.5841,2.0673,178.1174
object_fs = ZM_Factory