name = ZM_Labirint
interior = 0
marker = 1
spawn = 216.5,2721.3000488281,116.00
markerpos = 137.39999389648,2884.6999511719,115.40000152588
object_fs = ZM_Labirint