name = ZM_DraPark
interior = 0
marker = 1
spawn = -2120.5,1015.2998046875,96.699996948242
markerpos = 280,378.3513,-1885.5841,2.0673,178.1174
object_fs = ZM_DraPark