name = ZM_Hitman
interior = 0
marker = 1
spawn = -1115.3000488281,-1621.1999511719,75.599998474121,0.0
markerpos = -1024.5,-1691,77.300003051758
object_fs = ZM_Hitman